a=[{'begin': 0, 
    'children': [{'children': [], 
                  'node': {'axis': [-0.9920107493251316, -0.11138971994544636, -0.059219958745901136], 
                           'begin': 16, 
                           'end': 18, 
                           'orientation_m': [-0.552716552412801, 0.5433466826966848, 0.6318851122565051, -0.28808809396170865, -0.8360580895413118, 0.4669176812137683, 0.7819908329427, 0.07603455342829646, 0.6186348550466119], 
                           'orientation_q': [0.23971869612761706, 0.40764772846230213, 0.1565436103972929, 0.8670942130185054], 
                           'origin': [11.91489439423449, 28.384911349951736, 55.1043398410226], 
                           'relative_axis': [0.4503573162245755, 0.3512639165955238, -0.8208483103600632],
                           'relative_origin': [2.292, 0.1440000000000019, -2.8320000000000007]}
                   }, 
                 {'children': [], 
                  'node': {'axis': [0.5739142667128756, -0.7670859183359766, -0.28670822861242345], 
                            'begin': 18, 
                            'end': 20, 
                            'orientation_m': [-0.5746698121881646, -0.7586009752057121, 0.3070491286041404, -0.7718066853633183, 0.627141157606506, 0.10492096484716162, -0.2721562922074506, -0.17668765902833744, -0.9458923954441005], 
                            'orientation_q': [-0.1632321582702385, -0.43130077256174426, 0.8870884067045927, -0.0202253500436836], 
                            'origin': [20.645705056833116, 24.621772631226605, 54.10164688827683], 
                            'relative_axis': [0.16406741009316342, -0.9541037226588941, 0.25053536946659216],
                            'relative_origin': [0.4710000000000001, -7.219999999999999, 2.986000000000004]}}], 
    'degrees_of_freedom': 2, 
    'end': 20, 
    'node': {'begin': 0,
              'end': 16,
              'orientation_m': [-0.38175595039987165, -0.1592128872385675, -0.910446951157205, -0.45607414401231594, 0.8892241121707889, 0.03573308687344828, 0.803902213890299, 0.4288726324577395, -0.41207947732330064], 
              'orientation_q': [0.5233040904788574, -0.18781601020189947, 0.8190023717752534, 0.1418206269427882], 
              'origin': [15.132204779026099, 29.836346310470255, 56.01892960878555]}, 
     'pairs': []}]
Received from Python: {'flex': [], 
                       'ligands': 
                       [{'rigid': {'orientation': [0.9903256759722027, 0.05797252879003493, -0.002215889879638679, -0.1260528906766116],
                                    'position': [14.020707452970557, 29.013665117812344, 42.1769934657868]}, 
                         'torsions': [-1.5164222584681268, 0.38428175682049925]}]}


b=[[14.257924134678207, 30.408704280410895, 58.60044365147129],
    [14.436465746197994, 31.681171164931786, 58.24821514502467], 
    [15.745744541357496, 32.216988664617276, 57.94941982448487], 
    [15.874931884963013, 33.487342885837705, 57.504316709600715], 
    [16.831399852800963, 31.36784489509915, 58.05266905413403], 
    [18.78930927925377, 27.048888200796117, 58.74973056543863], 
    [18.710803081034058, 25.69609954657586, 59.030416571242306], 
    [19.80980363163291, 24.90687016701793, 59.01624701846045], 
    [17.40801664871285, 25.13559965551758, 59.32216712202745], 
    [16.304203530822342, 25.884891096345456, 59.32562218713801], 
    [15.253333533917127, 28.143549592336242, 59.00187529820614], 
    [17.73739774122082, 29.18217602891217, 58.453335291243775], 
    [16.66608839678158, 30.04657281834231, 58.40979819280996], 
    [16.35362734674223, 27.30231859891599, 59.033402130713775], 
    [15.36645833780249, 29.490187327757422, 58.69870111017949], 
    [17.661111533787565, 27.83923628832906, 58.7475516533279], 
    [15.638101896199128, 33.717857005733016, 56.528761074615716],
      [16.210319233418396, 34.22493029617738, 58.1405761995924],
        [20.602495866036005, 25.138711942708227, 58.4002685995513],
          [19.85387001801073, 24.074087442611653, 59.62131733464036]]
c=[array([[ 7.11377411, 16.65007167, 51.59601032],
       [ 7.11377411, 16.65007167, 51.59601032],
       [ 7.11377411, 16.65007167, 51.59601032]]), array([[ 6.52341552, 16.41028952, 51.60451429],
       [ 7.46648615, 16.24963754, 51.55018239],
       [ 7.09340358, 16.66575692, 50.55605432]]), array([[ 5.66962658, 16.82002433, 51.6100774 ],
       [ 7.97658567, 16.93389115, 51.52020272],
       [ 7.0639433 , 16.63895429, 49.87573729]]), array([[ 5.14705626, 16.57613456, 51.61914502],
       [ 8.28879734, 16.52659734, 51.4713372 ],
       [ 7.04591183, 16.65490824, 48.76685049]]), array([[ 5.46626177, 17.47621618, 51.60623795],
       [ 8.09808677, 18.02972588, 51.54089353],
       [ 7.05692613, 16.59602976, 50.34526593]]), array([[ 6.29259218, 19.3806102 , 51.58271931],
       [ 7.60439245, 21.21004747, 51.66763574],
       [ 7.08543894, 16.4714546 , 53.22137864]]), array([[ 6.90011235, 19.69432946, 51.5743869 ],
       [ 7.24142716, 21.73395594, 51.7125392 ],
       [ 7.10640164, 16.45093278, 54.2403557 ]]), array([[ 6.70961874, 20.35719618, 51.5716176 ],
       [ 7.35523831, 22.84093765, 51.72746299],
       [ 7.09982859, 16.40757162, 54.57901572]]), array([[ 7.76591441, 19.29537714, 51.56875844],
       [ 6.72415035, 21.067709  , 51.74287104],
       [ 7.13627644, 16.47703008, 54.92866471]]), array([[ 7.98386656, 18.64380636, 51.5714052 ],
       [ 6.59393399, 19.97959142, 51.72860759],
       [ 7.14379695, 16.51965232, 54.60498965]]), array([[ 7.54882034, 17.63076527, 51.58341368],
       [ 6.85385405, 18.28782154, 51.66389379],
       [ 7.12878553, 16.58591999, 53.13646388]]), array([[ 5.90988879, 18.39888969, 51.59395173],
       [ 7.83304008, 19.57058269, 51.60710412],
       [ 7.07223363, 16.53567345, 51.8477576 ]]), array([[ 6.07206579, 17.73448261, 51.59748075],
       [ 7.7361468 , 18.46102859, 51.58808619],
       [ 7.0778296 , 16.57913537, 51.41619084]]), array([[ 7.36433328, 18.30184723, 51.58009705],
       [ 6.96407656, 19.40852262, 51.68176712],
       [ 7.12241974, 16.54202144, 53.54205671]]), array([[ 6.93529361, 17.33604374, 51.59189313],
       [ 7.22040798, 17.79563912, 51.61819792],
       [ 7.10761558, 16.60519908, 52.09950487]]), array([[ 6.50539586, 18.70850133, 51.58557847],
       [ 7.47725207, 20.08763146, 51.65222769],
       [ 7.09278181, 16.51542033, 52.87172965]]), [15.638101896199128, 33.717857005733016, 56.528761074615716], [16.210319233418396, 34.22493029617738, 58.1405761995924], [20.602495866036005, 25.138711942708227, 58.4002685995513], [19.85387001801073, 24.074087442611653, 59.62131733464036]]
